VRAM Dump - 8192 bytes
====================

8000: 00 00 00 00 00 00 00 00 00 00 00 00 00 00 00 00   |................|
8010: F0 00 F0 00 FC 00 FC 00 FC 00 FC 00 F3 00 F3 00   |................|
8020: 3C 00 3C 00 3C 00 3C 00 3C 00 3C 00 3C 00 3C 00   |<.<.<.<.<.<.<.<.|
8030: F0 00 F0 00 F0 00 F0 00 00 00 00 00 F3 00 F3 00   |................|
8040: 00 00 00 00 00 00 00 00 00 00 00 00 CF 00 CF 00   |................|
8050: 00 00 00 00 0F 00 0F 00 3F 00 3F 00 0F 00 0F 00   |........?.?.....|
8060: 00 00 00 00 00 00 00 00 C0 00 C0 00 0F 00 0F 00   |................|
8070: 00 00 00 00 00 00 00 00 00 00 00 00 F0 00 F0 00   |................|
8080: 00 00 00 00 00 00 00 00 00 00 00 00 F3 00 F3 00   |................|
8090: 00 00 00 00 00 00 00 00 00 00 00 00 C0 00 C0 00   |................|
80A0: 03 00 03 00 03 00 03 00 03 00 03 00 FF 00 FF 00   |................|
80B0: C0 00 C0 00 C0 00 C0 00 C0 00 C0 00 C3 00 C3 00   |................|
80C0: 00 00 00 00 00 00 00 00 00 00 00 00 FC 00 FC 00   |................|
80D0: F3 00 F3 00 F0 00 F0 00 F0 00 F0 00 F0 00 F0 00   |................|
80E0: 3C 00 3C 00 FC 00 FC 00 FC 00 FC 00 3C 00 3C 00   |<.<.........<.<.|
80F0: F3 00 F3 00 F3 00 F3 00 F3 00 F3 00 F3 00 F3 00   |................|
8100: F3 00 F3 00 C3 00 C3 00 C3 00 C3 00 C3 00 C3 00   |................|
8110: CF 00 CF 00 CF 00 CF 00 CF 00 CF 00 CF 00 CF 00   |................|
8120: 3C 00 3C 00 3F 00 3F 00 3C 00 3C 00 0F 00 0F 00   |<.<.?.?.<.<.....|
8130: 3C 00 3C 00 FC 00 FC 00 00 00 00 00 FC 00 FC 00   |<.<.............|
8140: FC 00 FC 00 F0 00 F0 00 F0 00 F0 00 F0 00 F0 00   |................|
8150: F3 00 F3 00 F3 00 F3 00 F3 00 F3 00 F0 00 F0 00   |................|
8160: C3 00 C3 00 C3 00 C3 00 C3 00 C3 00 FF 00 FF 00   |................|
8170: CF 00 CF 00 CF 00 CF 00 CF 00 CF 00 C3 00 C3 00   |................|
8180: 0F 00 0F 00 0F 00 0F 00 0F 00 0F 00 FC 00 FC 00   |................|
8190: 3C 00 42 00 B9 00 A5 00 B9 00 A5 00 42 00 3C 00   |<.B.........B.<.|
81A0: 00 00 00 00 00 00 00 00 00 00 00 00 00 00 00 00   |................|
81B0: 00 00 00 00 00 00 00 00 00 00 00 00 00 00 00 00   |................|
81C0: 00 00 00 00 00 00 00 00 00 00 00 00 00 00 00 00   |................|
81D0: 00 00 00 00 00 00 00 00 00 00 00 00 00 00 00 00   |................|
81E0: 00 00 00 00 00 00 00 00 00 00 00 00 00 00 00 00   |................|
81F0: 00 00 00 00 00 00 00 00 00 00 00 00 00 00 00 00   |................|
8200: 00 00 00 00 00 00 00 00 00 00 00 00 00 00 00 00   |................|
8210: 00 00 00 00 00 00 00 00 00 00 00 00 00 00 00 00   |................|
8220: 00 00 00 00 00 00 00 00 00 00 00 00 00 00 00 00   |................|
8230: 00 00 00 00 00 00 00 00 00 00 00 00 00 00 00 00   |................|
8240: 00 00 00 00 00 00 00 00 00 00 00 00 00 00 00 00   |................|
8250: 00 00 00 00 00 00 00 00 00 00 00 00 00 00 00 00   |................|
8260: 00 00 00 00 00 00 00 00 00 00 00 00 00 00 00 00   |................|
8270: 00 00 00 00 00 00 00 00 00 00 00 00 00 00 00 00   |................|
8280: 00 00 00 00 00 00 00 00 00 00 00 00 00 00 00 00   |................|
8290: 00 00 00 00 00 00 00 00 00 00 00 00 00 00 00 00   |................|
82A0: 00 00 00 00 00 00 00 00 00 00 00 00 00 00 00 00   |................|
82B0: 00 00 00 00 00 00 00 00 00 00 00 00 00 00 00 00   |................|
82C0: 00 00 00 00 00 00 00 00 00 00 00 00 00 00 00 00   |................|
82D0: 00 00 00 00 00 00 00 00 00 00 00 00 00 00 00 00   |................|
82E0: 00 00 00 00 00 00 00 00 00 00 00 00 00 00 00 00   |................|
82F0: 00 00 00 00 00 00 00 00 00 00 00 00 00 00 00 00   |................|
8300: 00 00 00 00 00 00 00 00 00 00 00 00 00 00 00 00   |................|
8310: 00 00 00 00 00 00 00 00 00 00 00 00 00 00 00 00   |................|
8320: 00 00 00 00 00 00 00 00 00 00 00 00 00 00 00 00   |................|
8330: 00 00 00 00 00 00 00 00 00 00 00 00 00 00 00 00   |................|
8340: 00 00 00 00 00 00 00 00 00 00 00 00 00 00 00 00   |................|
8350: 00 00 00 00 00 00 00 00 00 00 00 00 00 00 00 00   |................|
8360: 00 00 00 00 00 00 00 00 00 00 00 00 00 00 00 00   |................|
8370: 00 00 00 00 00 00 00 00 00 00 00 00 00 00 00 00   |................|
8380: 00 00 00 00 00 00 00 00 00 00 00 00 00 00 00 00   |................|
8390: 00 00 00 00 00 00 00 00 00 00 00 00 00 00 00 00   |................|
83A0: 00 00 00 00 00 00 00 00 00 00 00 00 00 00 00 00   |................|
83B0: 00 00 00 00 00 00 00 00 00 00 00 00 00 00 00 00   |................|
83C0: 00 00 00 00 00 00 00 00 00 00 00 00 00 00 00 00   |................|
83D0: 00 00 00 00 00 00 00 00 00 00 00 00 00 00 00 00   |................|
83E0: 00 00 00 00 00 00 00 00 00 00 00 00 00 00 00 00   |................|
83F0: 00 00 00 00 00 00 00 00 00 00 00 00 00 00 00 00   |................|
8400: 00 00 00 00 00 00 00 00 00 00 00 00 00 00 00 00   |................|
8410: 00 00 00 00 00 00 00 00 00 00 00 00 00 00 00 00   |................|
8420: 00 00 00 00 00 00 00 00 00 00 00 00 00 00 00 00   |................|
8430: 00 00 00 00 00 00 00 00 00 00 00 00 00 00 00 00   |................|
8440: 00 00 00 00 00 00 00 00 00 00 00 00 00 00 00 00   |................|
8450: 00 00 00 00 00 00 00 00 00 00 00 00 00 00 00 00   |................|
8460: 00 00 00 00 00 00 00 00 00 00 00 00 00 00 00 00   |................|
8470: 00 00 00 00 00 00 00 00 00 00 00 00 00 00 00 00   |................|
8480: 00 00 00 00 00 00 00 00 00 00 00 00 00 00 00 00   |................|
8490: 00 00 00 00 00 00 00 00 00 00 00 00 00 00 00 00   |................|
84A0: 00 00 00 00 00 00 00 00 00 00 00 00 00 00 00 00   |................|
84B0: 00 00 00 00 00 00 00 00 00 00 00 00 00 00 00 00   |................|
84C0: 00 00 00 00 00 00 00 00 00 00 00 00 00 00 00 00   |................|
84D0: 00 00 00 00 00 00 00 00 00 00 00 00 00 00 00 00   |................|
84E0: 00 00 00 00 00 00 00 00 00 00 00 00 00 00 00 00   |................|
84F0: 00 00 00 00 00 00 00 00 00 00 00 00 00 00 00 00   |................|
8500: 00 00 00 00 00 00 00 00 00 00 00 00 00 00 00 00   |................|
8510: 00 00 00 00 00 00 00 00 00 00 00 00 00 00 00 00   |................|
8520: 00 00 00 00 00 00 00 00 00 00 00 00 00 00 00 00   |................|
8530: 00 00 00 00 00 00 00 00 00 00 00 00 00 00 00 00   |................|
8540: 00 00 00 00 00 00 00 00 00 00 00 00 00 00 00 00   |................|
8550: 00 00 00 00 00 00 00 00 00 00 00 00 00 00 00 00   |................|
8560: 00 00 00 00 00 00 00 00 00 00 00 00 00 00 00 00   |................|
8570: 00 00 00 00 00 00 00 00 00 00 00 00 00 00 00 00   |................|
8580: 00 00 00 00 00 00 00 00 00 00 00 00 00 00 00 00   |................|
8590: 00 00 00 00 00 00 00 00 00 00 00 00 00 00 00 00   |................|
85A0: 00 00 00 00 00 00 00 00 00 00 00 00 00 00 00 00   |................|
85B0: 00 00 00 00 00 00 00 00 00 00 00 00 00 00 00 00   |................|
85C0: 00 00 00 00 00 00 00 00 00 00 00 00 00 00 00 00   |................|
85D0: 00 00 00 00 00 00 00 00 00 00 00 00 00 00 00 00   |................|
85E0: 00 00 00 00 00 00 00 00 00 00 00 00 00 00 00 00   |................|
85F0: 00 00 00 00 00 00 00 00 00 00 00 00 00 00 00 00   |................|
8600: 00 00 00 00 00 00 00 00 00 00 00 00 00 00 00 00   |................|
8610: 00 00 00 00 00 00 00 00 00 00 00 00 00 00 00 00   |................|
8620: 00 00 00 00 00 00 00 00 00 00 00 00 00 00 00 00   |................|
8630: 00 00 00 00 00 00 00 00 00 00 00 00 00 00 00 00   |................|
8640: 00 00 00 00 00 00 00 00 00 00 00 00 00 00 00 00   |................|
8650: 00 00 00 00 00 00 00 00 00 00 00 00 00 00 00 00   |................|
8660: 00 00 00 00 00 00 00 00 00 00 00 00 00 00 00 00   |................|
8670: 00 00 00 00 00 00 00 00 00 00 00 00 00 00 00 00   |................|
8680: 00 00 00 00 00 00 00 00 00 00 00 00 00 00 00 00   |................|
8690: 00 00 00 00 00 00 00 00 00 00 00 00 00 00 00 00   |................|
86A0: 00 00 00 00 00 00 00 00 00 00 00 00 00 00 00 00   |................|
86B0: 00 00 00 00 00 00 00 00 00 00 00 00 00 00 00 00   |................|
86C0: 00 00 00 00 00 00 00 00 00 00 00 00 00 00 00 00   |................|
86D0: 00 00 00 00 00 00 00 00 00 00 00 00 00 00 00 00   |................|
86E0: 00 00 00 00 00 00 00 00 00 00 00 00 00 00 00 00   |................|
86F0: 00 00 00 00 00 00 00 00 00 00 00 00 00 00 00 00   |................|
8700: 00 00 00 00 00 00 00 00 00 00 00 00 00 00 00 00   |................|
8710: 00 00 00 00 00 00 00 00 00 00 00 00 00 00 00 00   |................|
8720: 00 00 00 00 00 00 00 00 00 00 00 00 00 00 00 00   |................|
8730: 00 00 00 00 00 00 00 00 00 00 00 00 00 00 00 00   |................|
8740: 00 00 00 00 00 00 00 00 00 00 00 00 00 00 00 00   |................|
8750: 00 00 00 00 00 00 00 00 00 00 00 00 00 00 00 00   |................|
8760: 00 00 00 00 00 00 00 00 00 00 00 00 00 00 00 00   |................|
8770: 00 00 00 00 00 00 00 00 00 00 00 00 00 00 00 00   |................|
8780: 00 00 00 00 00 00 00 00 00 00 00 00 00 00 00 00   |................|
8790: 00 00 00 00 00 00 00 00 00 00 00 00 00 00 00 00   |................|
87A0: 00 00 00 00 00 00 00 00 00 00 00 00 00 00 00 00   |................|
87B0: 00 00 00 00 00 00 00 00 00 00 00 00 00 00 00 00   |................|
87C0: 00 00 00 00 00 00 00 00 00 00 00 00 00 00 00 00   |................|
87D0: 00 00 00 00 00 00 00 00 00 00 00 00 00 00 00 00   |................|
87E0: 00 00 00 00 00 00 00 00 00 00 00 00 00 00 00 00   |................|
87F0: 00 00 00 00 00 00 00 00 00 00 00 00 00 00 00 00   |................|
8800: 00 00 00 00 00 00 00 00 00 00 00 00 00 00 00 00   |................|
8810: 00 00 00 00 00 00 00 00 00 00 00 00 00 00 00 00   |................|
8820: 00 00 00 00 00 00 00 00 00 00 00 00 00 00 00 00   |................|
8830: 00 00 00 00 00 00 00 00 00 00 00 00 00 00 00 00   |................|
8840: 00 00 00 00 00 00 00 00 00 00 00 00 00 00 00 00   |................|
8850: 00 00 00 00 00 00 00 00 00 00 00 00 00 00 00 00   |................|
8860: 00 00 00 00 00 00 00 00 00 00 00 00 00 00 00 00   |................|
8870: 00 00 00 00 00 00 00 00 00 00 00 00 00 00 00 00   |................|
8880: 00 00 00 00 00 00 00 00 00 00 00 00 00 00 00 00   |................|
8890: 00 00 00 00 00 00 00 00 00 00 00 00 00 00 00 00   |................|
88A0: 00 00 00 00 00 00 00 00 00 00 00 00 00 00 00 00   |................|
88B0: 00 00 00 00 00 00 00 00 00 00 00 00 00 00 00 00   |................|
88C0: 00 00 00 00 00 00 00 00 00 00 00 00 00 00 00 00   |................|
88D0: 00 00 00 00 00 00 00 00 00 00 00 00 00 00 00 00   |................|
88E0: 00 00 00 00 00 00 00 00 00 00 00 00 00 00 00 00   |................|
88F0: 00 00 00 00 00 00 00 00 00 00 00 00 00 00 00 00   |................|
8900: 00 00 00 00 00 00 00 00 00 00 00 00 00 00 00 00   |................|
8910: 00 00 00 00 00 00 00 00 00 00 00 00 00 00 00 00   |................|
8920: 00 00 00 00 00 00 00 00 00 00 00 00 00 00 00 00   |................|
8930: 00 00 00 00 00 00 00 00 00 00 00 00 00 00 00 00   |................|
8940: 00 00 00 00 00 00 00 00 00 00 00 00 00 00 00 00   |................|
8950: 00 00 00 00 00 00 00 00 00 00 00 00 00 00 00 00   |................|
8960: 00 00 00 00 00 00 00 00 00 00 00 00 00 00 00 00   |................|
8970: 00 00 00 00 00 00 00 00 00 00 00 00 00 00 00 00   |................|
8980: 00 00 00 00 00 00 00 00 00 00 00 00 00 00 00 00   |................|
8990: 00 00 00 00 00 00 00 00 00 00 00 00 00 00 00 00   |................|
89A0: 00 00 00 00 00 00 00 00 00 00 00 00 00 00 00 00   |................|
89B0: 00 00 00 00 00 00 00 00 00 00 00 00 00 00 00 00   |................|
89C0: 00 00 00 00 00 00 00 00 00 00 00 00 00 00 00 00   |................|
89D0: 00 00 00 00 00 00 00 00 00 00 00 00 00 00 00 00   |................|
89E0: 00 00 00 00 00 00 00 00 00 00 00 00 00 00 00 00   |................|
89F0: 00 00 00 00 00 00 00 00 00 00 00 00 00 00 00 00   |................|
8A00: 00 00 00 00 00 00 00 00 00 00 00 00 00 00 00 00   |................|
8A10: 00 00 00 00 00 00 00 00 00 00 00 00 00 00 00 00   |................|
8A20: 00 00 00 00 00 00 00 00 00 00 00 00 00 00 00 00   |................|
8A30: 00 00 00 00 00 00 00 00 00 00 00 00 00 00 00 00   |................|
8A40: 00 00 00 00 00 00 00 00 00 00 00 00 00 00 00 00   |................|
8A50: 00 00 00 00 00 00 00 00 00 00 00 00 00 00 00 00   |................|
8A60: 00 00 00 00 00 00 00 00 00 00 00 00 00 00 00 00   |................|
8A70: 00 00 00 00 00 00 00 00 00 00 00 00 00 00 00 00   |................|
8A80: 00 00 00 00 00 00 00 00 00 00 00 00 00 00 00 00   |................|
8A90: 00 00 00 00 00 00 00 00 00 00 00 00 00 00 00 00   |................|
8AA0: 00 00 00 00 00 00 00 00 00 00 00 00 00 00 00 00   |................|
8AB0: 00 00 00 00 00 00 00 00 00 00 00 00 00 00 00 00   |................|
8AC0: 00 00 00 00 00 00 00 00 00 00 00 00 00 00 00 00   |................|
8AD0: 00 00 00 00 00 00 00 00 00 00 00 00 00 00 00 00   |................|
8AE0: 00 00 00 00 00 00 00 00 00 00 00 00 00 00 00 00   |................|
8AF0: 00 00 00 00 00 00 00 00 00 00 00 00 00 00 00 00   |................|
8B00: 00 00 00 00 00 00 00 00 00 00 00 00 00 00 00 00   |................|
8B10: 00 00 00 00 00 00 00 00 00 00 00 00 00 00 00 00   |................|
8B20: 00 00 00 00 00 00 00 00 00 00 00 00 00 00 00 00   |................|
8B30: 00 00 00 00 00 00 00 00 00 00 00 00 00 00 00 00   |................|
8B40: 00 00 00 00 00 00 00 00 00 00 00 00 00 00 00 00   |................|
8B50: 00 00 00 00 00 00 00 00 00 00 00 00 00 00 00 00   |................|
8B60: 00 00 00 00 00 00 00 00 00 00 00 00 00 00 00 00   |................|
8B70: 00 00 00 00 00 00 00 00 00 00 00 00 00 00 00 00   |................|
8B80: 00 00 00 00 00 00 00 00 00 00 00 00 00 00 00 00   |................|
8B90: 00 00 00 00 00 00 00 00 00 00 00 00 00 00 00 00   |................|
8BA0: 00 00 00 00 00 00 00 00 00 00 00 00 00 00 00 00   |................|
8BB0: 00 00 00 00 00 00 00 00 00 00 00 00 00 00 00 00   |................|
8BC0: 00 00 00 00 00 00 00 00 00 00 00 00 00 00 00 00   |................|
8BD0: 00 00 00 00 00 00 00 00 00 00 00 00 00 00 00 00   |................|
8BE0: 00 00 00 00 00 00 00 00 00 00 00 00 00 00 00 00   |................|
8BF0: 00 00 00 00 00 00 00 00 00 00 00 00 00 00 00 00   |................|
8C00: 00 00 00 00 00 00 00 00 00 00 00 00 00 00 00 00   |................|
8C10: 00 00 00 00 00 00 00 00 00 00 00 00 00 00 00 00   |................|
8C20: 00 00 00 00 00 00 00 00 00 00 00 00 00 00 00 00   |................|
8C30: 00 00 00 00 00 00 00 00 00 00 00 00 00 00 00 00   |................|
8C40: 00 00 00 00 00 00 00 00 00 00 00 00 00 00 00 00   |................|
8C50: 00 00 00 00 00 00 00 00 00 00 00 00 00 00 00 00   |................|
8C60: 00 00 00 00 00 00 00 00 00 00 00 00 00 00 00 00   |................|
8C70: 00 00 00 00 00 00 00 00 00 00 00 00 00 00 00 00   |................|
8C80: 00 00 00 00 00 00 00 00 00 00 00 00 00 00 00 00   |................|
8C90: 00 00 00 00 00 00 00 00 00 00 00 00 00 00 00 00   |................|
8CA0: 00 00 00 00 00 00 00 00 00 00 00 00 00 00 00 00   |................|
8CB0: 00 00 00 00 00 00 00 00 00 00 00 00 00 00 00 00   |................|
8CC0: 00 00 00 00 00 00 00 00 00 00 00 00 00 00 00 00   |................|
8CD0: 00 00 00 00 00 00 00 00 00 00 00 00 00 00 00 00   |................|
8CE0: 00 00 00 00 00 00 00 00 00 00 00 00 00 00 00 00   |................|
8CF0: 00 00 00 00 00 00 00 00 00 00 00 00 00 00 00 00   |................|
8D00: 00 00 00 00 00 00 00 00 00 00 00 00 00 00 00 00   |................|
8D10: 00 00 00 00 00 00 00 00 00 00 00 00 00 00 00 00   |................|
8D20: 00 00 00 00 00 00 00 00 00 00 00 00 00 00 00 00   |................|
8D30: 00 00 00 00 00 00 00 00 00 00 00 00 00 00 00 00   |................|
8D40: 00 00 00 00 00 00 00 00 00 00 00 00 00 00 00 00   |................|
8D50: 00 00 00 00 00 00 00 00 00 00 00 00 00 00 00 00   |................|
8D60: 00 00 00 00 00 00 00 00 00 00 00 00 00 00 00 00   |................|
8D70: 00 00 00 00 00 00 00 00 00 00 00 00 00 00 00 00   |................|
8D80: 00 00 00 00 00 00 00 00 00 00 00 00 00 00 00 00   |................|
8D90: 00 00 00 00 00 00 00 00 00 00 00 00 00 00 00 00   |................|
8DA0: 00 00 00 00 00 00 00 00 00 00 00 00 00 00 00 00   |................|
8DB0: 00 00 00 00 00 00 00 00 00 00 00 00 00 00 00 00   |................|
8DC0: 00 00 00 00 00 00 00 00 00 00 00 00 00 00 00 00   |................|
8DD0: 00 00 00 00 00 00 00 00 00 00 00 00 00 00 00 00   |................|
8DE0: 00 00 00 00 00 00 00 00 00 00 00 00 00 00 00 00   |................|
8DF0: 00 00 00 00 00 00 00 00 00 00 00 00 00 00 00 00   |................|
8E00: 00 00 00 00 00 00 00 00 00 00 00 00 00 00 00 00   |................|
8E10: 00 00 00 00 00 00 00 00 00 00 00 00 00 00 00 00   |................|
8E20: 00 00 00 00 00 00 00 00 00 00 00 00 00 00 00 00   |................|
8E30: 00 00 00 00 00 00 00 00 00 00 00 00 00 00 00 00   |................|
8E40: 00 00 00 00 00 00 00 00 00 00 00 00 00 00 00 00   |................|
8E50: 00 00 00 00 00 00 00 00 00 00 00 00 00 00 00 00   |................|
8E60: 00 00 00 00 00 00 00 00 00 00 00 00 00 00 00 00   |................|
8E70: 00 00 00 00 00 00 00 00 00 00 00 00 00 00 00 00   |................|
8E80: 00 00 00 00 00 00 00 00 00 00 00 00 00 00 00 00   |................|
8E90: 00 00 00 00 00 00 00 00 00 00 00 00 00 00 00 00   |................|
8EA0: 00 00 00 00 00 00 00 00 00 00 00 00 00 00 00 00   |................|
8EB0: 00 00 00 00 00 00 00 00 00 00 00 00 00 00 00 00   |................|
8EC0: 00 00 00 00 00 00 00 00 00 00 00 00 00 00 00 00   |................|
8ED0: 00 00 00 00 00 00 00 00 00 00 00 00 00 00 00 00   |................|
8EE0: 00 00 00 00 00 00 00 00 00 00 00 00 00 00 00 00   |................|
8EF0: 00 00 00 00 00 00 00 00 00 00 00 00 00 00 00 00   |................|
8F00: 00 00 00 00 00 00 00 00 00 00 00 00 00 00 00 00   |................|
8F10: 00 00 00 00 00 00 00 00 00 00 00 00 00 00 00 00   |................|
8F20: 00 00 00 00 00 00 00 00 00 00 00 00 00 00 00 00   |................|
8F30: 00 00 00 00 00 00 00 00 00 00 00 00 00 00 00 00   |................|
8F40: 00 00 00 00 00 00 00 00 00 00 00 00 00 00 00 00   |................|
8F50: 00 00 00 00 00 00 00 00 00 00 00 00 00 00 00 00   |................|
8F60: 00 00 00 00 00 00 00 00 00 00 00 00 00 00 00 00   |................|
8F70: 00 00 00 00 00 00 00 00 00 00 00 00 00 00 00 00   |................|
8F80: 00 00 00 00 00 00 00 00 00 00 00 00 00 00 00 00   |................|
8F90: 00 00 00 00 00 00 00 00 00 00 00 00 00 00 00 00   |................|
8FA0: 00 00 00 00 00 00 00 00 00 00 00 00 00 00 00 00   |................|
8FB0: 00 00 00 00 00 00 00 00 00 00 00 00 00 00 00 00   |................|
8FC0: 00 00 00 00 00 00 00 00 00 00 00 00 00 00 00 00   |................|
8FD0: 00 00 00 00 00 00 00 00 00 00 00 00 00 00 00 00   |................|
8FE0: 00 00 00 00 00 00 00 00 00 00 00 00 00 00 00 00   |................|
8FF0: 00 00 00 00 00 00 00 00 00 00 00 00 00 00 00 00   |................|
9000: 00 00 00 00 00 00 00 00 00 00 00 00 00 00 00 00   |................|
9010: 00 00 00 00 00 00 00 00 00 00 00 00 00 00 00 00   |................|
9020: 00 00 00 00 00 00 00 00 00 00 00 00 00 00 00 00   |................|
9030: 00 00 00 00 00 00 00 00 00 00 00 00 00 00 00 00   |................|
9040: 00 00 00 00 00 00 00 00 00 00 00 00 00 00 00 00   |................|
9050: 00 00 00 00 00 00 00 00 00 00 00 00 00 00 00 00   |................|
9060: 00 00 00 00 00 00 00 00 00 00 00 00 00 00 00 00   |................|
9070: 00 00 00 00 00 00 00 00 00 00 00 00 00 00 00 00   |................|
9080: 00 00 00 00 00 00 00 00 00 00 00 00 00 00 00 00   |................|
9090: 00 00 00 00 00 00 00 00 00 00 00 00 00 00 00 00   |................|
90A0: 00 00 00 00 00 00 00 00 00 00 00 00 00 00 00 00   |................|
90B0: 00 00 00 00 00 00 00 00 00 00 00 00 00 00 00 00   |................|
90C0: 00 00 00 00 00 00 00 00 00 00 00 00 00 00 00 00   |................|
90D0: 00 00 00 00 00 00 00 00 00 00 00 00 00 00 00 00   |................|
90E0: 00 00 00 00 00 00 00 00 00 00 00 00 00 00 00 00   |................|
90F0: 00 00 00 00 00 00 00 00 00 00 00 00 00 00 00 00   |................|
9100: 00 00 00 00 00 00 00 00 00 00 00 00 00 00 00 00   |................|
9110: 00 00 00 00 00 00 00 00 00 00 00 00 00 00 00 00   |................|
9120: 00 00 00 00 00 00 00 00 00 00 00 00 00 00 00 00   |................|
9130: 00 00 00 00 00 00 00 00 00 00 00 00 00 00 00 00   |................|
9140: 00 00 00 00 00 00 00 00 00 00 00 00 00 00 00 00   |................|
9150: 00 00 00 00 00 00 00 00 00 00 00 00 00 00 00 00   |................|
9160: 00 00 00 00 00 00 00 00 00 00 00 00 00 00 00 00   |................|
9170: 00 00 00 00 00 00 00 00 00 00 00 00 00 00 00 00   |................|
9180: 00 00 00 00 00 00 00 00 00 00 00 00 00 00 00 00   |................|
9190: 00 00 00 00 00 00 00 00 00 00 00 00 00 00 00 00   |................|
91A0: 00 00 00 00 00 00 00 00 00 00 00 00 00 00 00 00   |................|
91B0: 00 00 00 00 00 00 00 00 00 00 00 00 00 00 00 00   |................|
91C0: 00 00 00 00 00 00 00 00 00 00 00 00 00 00 00 00   |................|
91D0: 00 00 00 00 00 00 00 00 00 00 00 00 00 00 00 00   |................|
91E0: 00 00 00 00 00 00 00 00 00 00 00 00 00 00 00 00   |................|
91F0: 00 00 00 00 00 00 00 00 00 00 00 00 00 00 00 00   |................|
9200: 00 00 00 00 00 00 00 00 00 00 00 00 00 00 00 00   |................|
9210: 00 00 00 00 00 00 00 00 00 00 00 00 00 00 00 00   |................|
9220: 00 00 00 00 00 00 00 00 00 00 00 00 00 00 00 00   |................|
9230: 00 00 00 00 00 00 00 00 00 00 00 00 00 00 00 00   |................|
9240: 00 00 00 00 00 00 00 00 00 00 00 00 00 00 00 00   |................|
9250: 00 00 00 00 00 00 00 00 00 00 00 00 00 00 00 00   |................|
9260: 00 00 00 00 00 00 00 00 00 00 00 00 00 00 00 00   |................|
9270: 00 00 00 00 00 00 00 00 00 00 00 00 00 00 00 00   |................|
9280: 00 00 00 00 00 00 00 00 00 00 00 00 00 00 00 00   |................|
9290: 00 00 00 00 00 00 00 00 00 00 00 00 00 00 00 00   |................|
92A0: 00 00 00 00 00 00 00 00 00 00 00 00 00 00 00 00   |................|
92B0: 00 00 00 00 00 00 00 00 00 00 00 00 00 00 00 00   |................|
92C0: 00 00 00 00 00 00 00 00 00 00 00 00 00 00 00 00   |................|
92D0: 00 00 00 00 00 00 00 00 00 00 00 00 00 00 00 00   |................|
92E0: 00 00 00 00 00 00 00 00 00 00 00 00 00 00 00 00   |................|
92F0: 00 00 00 00 00 00 00 00 00 00 00 00 00 00 00 00   |................|
9300: 00 00 00 00 00 00 00 00 00 00 00 00 00 00 00 00   |................|
9310: 00 00 00 00 00 00 00 00 00 00 00 00 00 00 00 00   |................|
9320: 00 00 00 00 00 00 00 00 00 00 00 00 00 00 00 00   |................|
9330: 00 00 00 00 00 00 00 00 00 00 00 00 00 00 00 00   |................|
9340: 00 00 00 00 00 00 00 00 00 00 00 00 00 00 00 00   |................|
9350: 00 00 00 00 00 00 00 00 00 00 00 00 00 00 00 00   |................|
9360: 00 00 00 00 00 00 00 00 00 00 00 00 00 00 00 00   |................|
9370: 00 00 00 00 00 00 00 00 00 00 00 00 00 00 00 00   |................|
9380: 00 00 00 00 00 00 00 00 00 00 00 00 00 00 00 00   |................|
9390: 00 00 00 00 00 00 00 00 00 00 00 00 00 00 00 00   |................|
93A0: 00 00 00 00 00 00 00 00 00 00 00 00 00 00 00 00   |................|
93B0: 00 00 00 00 00 00 00 00 00 00 00 00 00 00 00 00   |................|
93C0: 00 00 00 00 00 00 00 00 00 00 00 00 00 00 00 00   |................|
93D0: 00 00 00 00 00 00 00 00 00 00 00 00 00 00 00 00   |................|
93E0: 00 00 00 00 00 00 00 00 00 00 00 00 00 00 00 00   |................|
93F0: 00 00 00 00 00 00 00 00 00 00 00 00 00 00 00 00   |................|
9400: 00 00 00 00 00 00 00 00 00 00 00 00 00 00 00 00   |................|
9410: 00 00 00 00 00 00 00 00 00 00 00 00 00 00 00 00   |................|
9420: 00 00 00 00 00 00 00 00 00 00 00 00 00 00 00 00   |................|
9430: 00 00 00 00 00 00 00 00 00 00 00 00 00 00 00 00   |................|
9440: 00 00 00 00 00 00 00 00 00 00 00 00 00 00 00 00   |................|
9450: 00 00 00 00 00 00 00 00 00 00 00 00 00 00 00 00   |................|
9460: 00 00 00 00 00 00 00 00 00 00 00 00 00 00 00 00   |................|
9470: 00 00 00 00 00 00 00 00 00 00 00 00 00 00 00 00   |................|
9480: 00 00 00 00 00 00 00 00 00 00 00 00 00 00 00 00   |................|
9490: 00 00 00 00 00 00 00 00 00 00 00 00 00 00 00 00   |................|
94A0: 00 00 00 00 00 00 00 00 00 00 00 00 00 00 00 00   |................|
94B0: 00 00 00 00 00 00 00 00 00 00 00 00 00 00 00 00   |................|
94C0: 00 00 00 00 00 00 00 00 00 00 00 00 00 00 00 00   |................|
94D0: 00 00 00 00 00 00 00 00 00 00 00 00 00 00 00 00   |................|
94E0: 00 00 00 00 00 00 00 00 00 00 00 00 00 00 00 00   |................|
94F0: 00 00 00 00 00 00 00 00 00 00 00 00 00 00 00 00   |................|
9500: 00 00 00 00 00 00 00 00 00 00 00 00 00 00 00 00   |................|
9510: 00 00 00 00 00 00 00 00 00 00 00 00 00 00 00 00   |................|
9520: 00 00 00 00 00 00 00 00 00 00 00 00 00 00 00 00   |................|
9530: 00 00 00 00 00 00 00 00 00 00 00 00 00 00 00 00   |................|
9540: 00 00 00 00 00 00 00 00 00 00 00 00 00 00 00 00   |................|
9550: 00 00 00 00 00 00 00 00 00 00 00 00 00 00 00 00   |................|
9560: 00 00 00 00 00 00 00 00 00 00 00 00 00 00 00 00   |................|
9570: 00 00 00 00 00 00 00 00 00 00 00 00 00 00 00 00   |................|
9580: 00 00 00 00 00 00 00 00 00 00 00 00 00 00 00 00   |................|
9590: 00 00 00 00 00 00 00 00 00 00 00 00 00 00 00 00   |................|
95A0: 00 00 00 00 00 00 00 00 00 00 00 00 00 00 00 00   |................|
95B0: 00 00 00 00 00 00 00 00 00 00 00 00 00 00 00 00   |................|
95C0: 00 00 00 00 00 00 00 00 00 00 00 00 00 00 00 00   |................|
95D0: 00 00 00 00 00 00 00 00 00 00 00 00 00 00 00 00   |................|
95E0: 00 00 00 00 00 00 00 00 00 00 00 00 00 00 00 00   |................|
95F0: 00 00 00 00 00 00 00 00 00 00 00 00 00 00 00 00   |................|
9600: 00 00 00 00 00 00 00 00 00 00 00 00 00 00 00 00   |................|
9610: 00 00 00 00 00 00 00 00 00 00 00 00 00 00 00 00   |................|
9620: 00 00 00 00 00 00 00 00 00 00 00 00 00 00 00 00   |................|
9630: 00 00 00 00 00 00 00 00 00 00 00 00 00 00 00 00   |................|
9640: 00 00 00 00 00 00 00 00 00 00 00 00 00 00 00 00   |................|
9650: 00 00 00 00 00 00 00 00 00 00 00 00 00 00 00 00   |................|
9660: 00 00 00 00 00 00 00 00 00 00 00 00 00 00 00 00   |................|
9670: 00 00 00 00 00 00 00 00 00 00 00 00 00 00 00 00   |................|
9680: 00 00 00 00 00 00 00 00 00 00 00 00 00 00 00 00   |................|
9690: 00 00 00 00 00 00 00 00 00 00 00 00 00 00 00 00   |................|
96A0: 00 00 00 00 00 00 00 00 00 00 00 00 00 00 00 00   |................|
96B0: 00 00 00 00 00 00 00 00 00 00 00 00 00 00 00 00   |................|
96C0: 00 00 00 00 00 00 00 00 00 00 00 00 00 00 00 00   |................|
96D0: 00 00 00 00 00 00 00 00 00 00 00 00 00 00 00 00   |................|
96E0: 00 00 00 00 00 00 00 00 00 00 00 00 00 00 00 00   |................|
96F0: 00 00 00 00 00 00 00 00 00 00 00 00 00 00 00 00   |................|
9700: 00 00 00 00 00 00 00 00 00 00 00 00 00 00 00 00   |................|
9710: 00 00 00 00 00 00 00 00 00 00 00 00 00 00 00 00   |................|
9720: 00 00 00 00 00 00 00 00 00 00 00 00 00 00 00 00   |................|
9730: 00 00 00 00 00 00 00 00 00 00 00 00 00 00 00 00   |................|
9740: 00 00 00 00 00 00 00 00 00 00 00 00 00 00 00 00   |................|
9750: 00 00 00 00 00 00 00 00 00 00 00 00 00 00 00 00   |................|
9760: 00 00 00 00 00 00 00 00 00 00 00 00 00 00 00 00   |................|
9770: 00 00 00 00 00 00 00 00 00 00 00 00 00 00 00 00   |................|
9780: 00 00 00 00 00 00 00 00 00 00 00 00 00 00 00 00   |................|
9790: 00 00 00 00 00 00 00 00 00 00 00 00 00 00 00 00   |................|
97A0: 00 00 00 00 00 00 00 00 00 00 00 00 00 00 00 00   |................|
97B0: 00 00 00 00 00 00 00 00 00 00 00 00 00 00 00 00   |................|
97C0: 00 00 00 00 00 00 00 00 00 00 00 00 00 00 00 00   |................|
97D0: 00 00 00 00 00 00 00 00 00 00 00 00 00 00 00 00   |................|
97E0: 00 00 00 00 00 00 00 00 00 00 00 00 00 00 00 00   |................|
97F0: 00 00 00 00 00 00 00 00 00 00 00 00 00 00 00 00   |................|
9800: 00 00 00 00 00 00 00 00 00 00 00 00 00 00 00 00   |................|
9810: 00 00 00 00 00 00 00 00 00 00 00 00 00 00 00 00   |................|
9820: 00 00 00 00 00 00 00 00 00 00 00 00 00 00 00 00   |................|
9830: 00 00 00 00 00 00 00 00 00 00 00 00 00 00 00 00   |................|
9840: 00 00 00 00 00 00 00 00 00 00 00 00 00 00 00 00   |................|
9850: 00 00 00 00 00 00 00 00 00 00 00 00 00 00 00 00   |................|
9860: 00 00 00 00 00 00 00 00 00 00 00 00 00 00 00 00   |................|
9870: 00 00 00 00 00 00 00 00 00 00 00 00 00 00 00 00   |................|
9880: 00 00 00 00 00 00 00 00 00 00 00 00 00 00 00 00   |................|
9890: 00 00 00 00 00 00 00 00 00 00 00 00 00 00 00 00   |................|
98A0: 00 00 00 00 00 00 00 00 00 00 00 00 00 00 00 00   |................|
98B0: 00 00 00 00 00 00 00 00 00 00 00 00 00 00 00 00   |................|
98C0: 00 00 00 00 00 00 00 00 00 00 00 00 00 00 00 00   |................|
98D0: 00 00 00 00 00 00 00 00 00 00 00 00 00 00 00 00   |................|
98E0: 00 00 00 00 00 00 00 00 00 00 00 00 00 00 00 00   |................|
98F0: 00 00 00 00 00 00 00 00 00 00 00 00 00 00 00 00   |................|
9900: 00 00 00 00 0A 0B 0C 01 02 03 04 05 06 07 08 09   |................|
9910: 00 00 00 00 00 00 00 00 00 00 00 00 00 00 00 00   |................|
9920: 00 00 00 00 9A 9B 9C 9D 9E 9F A0 A1 A2 A3 A4 A5   |................|
9930: 00 00 00 00 00 00 00 00 00 00 00 00 00 00 00 00   |................|
9940: 00 00 00 00 00 00 00 00 00 00 00 00 00 00 00 00   |................|
9950: 00 00 00 00 00 00 00 00 00 00 00 00 00 00 00 00   |................|
9960: 00 00 00 00 00 00 00 00 00 00 00 00 00 00 00 00   |................|
9970: 00 00 00 00 00 00 00 00 00 00 00 00 00 00 00 00   |................|
9980: 00 00 00 00 00 00 00 00 00 00 00 00 00 00 00 00   |................|
9990: 00 00 00 00 00 00 00 00 00 00 00 00 00 00 00 00   |................|
99A0: 00 00 00 00 00 00 00 00 00 00 00 00 00 00 00 00   |................|
99B0: 00 00 00 00 00 00 00 00 00 00 00 00 00 00 00 00   |................|
99C0: 00 00 00 00 00 00 00 00 00 00 00 00 00 00 00 00   |................|
99D0: 00 00 00 00 00 00 00 00 00 00 00 00 00 00 00 00   |................|
99E0: 00 00 00 00 00 00 00 00 00 00 00 00 00 00 00 00   |................|
99F0: 00 00 00 00 00 00 00 00 00 00 00 00 00 00 00 00   |................|
9A00: 00 00 00 00 00 00 00 00 00 00 00 00 00 00 00 00   |................|
9A10: 00 00 00 00 00 00 00 00 00 00 00 00 00 00 00 00   |................|
9A20: 00 00 00 00 00 00 00 00 00 00 00 00 00 00 00 00   |................|
9A30: 00 00 00 00 00 00 00 00 00 00 00 00 00 00 00 00   |................|
9A40: 00 00 00 00 00 00 00 00 00 00 00 00 00 00 00 00   |................|
9A50: 00 00 00 00 00 00 00 00 00 00 00 00 00 00 00 00   |................|
9A60: 00 00 00 00 00 00 00 00 00 00 00 00 00 00 00 00   |................|
9A70: 00 00 00 00 00 00 00 00 00 00 00 00 00 00 00 00   |................|
9A80: 00 00 00 00 00 00 00 00 00 00 00 00 00 00 00 00   |................|
9A90: 00 00 00 00 00 00 00 00 00 00 00 00 00 00 00 00   |................|
9AA0: 00 00 00 00 00 00 00 00 00 00 00 00 00 00 00 00   |................|
9AB0: 00 00 00 00 00 00 00 00 00 00 00 00 00 00 00 00   |................|
9AC0: 00 00 00 00 00 00 00 00 00 00 00 00 00 00 00 00   |................|
9AD0: 00 00 00 00 00 00 00 00 00 00 00 00 00 00 00 00   |................|
9AE0: 00 00 00 00 00 00 00 00 00 00 00 00 00 00 00 00   |................|
9AF0: 00 00 00 00 00 00 00 00 00 00 00 00 00 00 00 00   |................|
9B00: 00 00 00 00 00 00 00 00 00 00 00 00 00 00 00 00   |................|
9B10: 00 00 00 00 00 00 00 00 00 00 00 00 00 00 00 00   |................|
9B20: 00 00 00 00 00 00 00 00 00 00 00 00 00 00 00 00   |................|
9B30: 00 00 00 00 00 00 00 00 00 00 00 00 00 00 00 00   |................|
9B40: 00 00 00 00 00 00 00 00 00 00 00 00 00 00 00 00   |................|
9B50: 00 00 00 00 00 00 00 00 00 00 00 00 00 00 00 00   |................|
9B60: 00 00 00 00 00 00 00 00 00 00 00 00 00 00 00 00   |................|
9B70: 00 00 00 00 00 00 00 00 00 00 00 00 00 00 00 00   |................|
9B80: 00 00 00 00 00 00 00 00 00 00 00 00 00 00 00 00   |................|
9B90: 00 00 00 00 00 00 00 00 00 00 00 00 00 00 00 00   |................|
9BA0: 00 00 00 00 00 00 00 00 00 00 00 00 00 00 00 00   |................|
9BB0: 00 00 00 00 00 00 00 00 00 00 00 00 00 00 00 00   |................|
9BC0: 00 00 00 00 00 00 00 00 00 00 00 00 00 00 00 00   |................|
9BD0: 00 00 00 00 00 00 00 00 00 00 00 00 00 00 00 00   |................|
9BE0: 00 00 00 00 00 00 00 00 00 00 00 00 00 00 00 00   |................|
9BF0: 00 00 00 00 00 00 00 00 00 00 00 00 00 00 00 00   |................|
9C00: 00 00 00 00 00 00 00 00 00 00 00 00 00 00 00 00   |................|
9C10: 00 00 00 00 00 00 00 00 00 00 00 00 00 00 00 00   |................|
9C20: 00 00 00 00 00 00 00 00 00 00 00 00 00 00 00 00   |................|
9C30: 00 00 00 00 00 00 00 00 00 00 00 00 00 00 00 00   |................|
9C40: 00 00 00 00 00 00 00 00 00 00 00 00 00 00 00 00   |................|
9C50: 00 00 00 00 00 00 00 00 00 00 00 00 00 00 00 00   |................|
9C60: 00 00 00 00 00 00 00 00 00 00 00 00 00 00 00 00   |................|
9C70: 00 00 00 00 00 00 00 00 00 00 00 00 00 00 00 00   |................|
9C80: 00 00 00 00 00 00 00 00 00 00 00 00 00 00 00 00   |................|
9C90: 00 00 00 00 00 00 00 00 00 00 00 00 00 00 00 00   |................|
9CA0: 00 00 00 00 00 00 00 00 00 00 00 00 00 00 00 00   |................|
9CB0: 00 00 00 00 00 00 00 00 00 00 00 00 00 00 00 00   |................|
9CC0: 00 00 00 00 00 00 00 00 00 00 00 00 00 00 00 00   |................|
9CD0: 00 00 00 00 00 00 00 00 00 00 00 00 00 00 00 00   |................|
9CE0: 00 00 00 00 00 00 00 00 00 00 00 00 00 00 00 00   |................|
9CF0: 00 00 00 00 00 00 00 00 00 00 00 00 00 00 00 00   |................|
9D00: 00 00 00 00 00 00 00 00 00 00 00 00 00 00 00 00   |................|
9D10: 00 00 00 00 00 00 00 00 00 00 00 00 00 00 00 00   |................|
9D20: 00 00 00 00 00 00 00 00 00 00 00 00 00 00 00 00   |................|
9D30: 00 00 00 00 00 00 00 00 00 00 00 00 00 00 00 00   |................|
9D40: 00 00 00 00 00 00 00 00 00 00 00 00 00 00 00 00   |................|
9D50: 00 00 00 00 00 00 00 00 00 00 00 00 00 00 00 00   |................|
9D60: 00 00 00 00 00 00 00 00 00 00 00 00 00 00 00 00   |................|
9D70: 00 00 00 00 00 00 00 00 00 00 00 00 00 00 00 00   |................|
9D80: 00 00 00 00 00 00 00 00 00 00 00 00 00 00 00 00   |................|
9D90: 00 00 00 00 00 00 00 00 00 00 00 00 00 00 00 00   |................|
9DA0: 00 00 00 00 00 00 00 00 00 00 00 00 00 00 00 00   |................|
9DB0: 00 00 00 00 00 00 00 00 00 00 00 00 00 00 00 00   |................|
9DC0: 00 00 00 00 00 00 00 00 00 00 00 00 00 00 00 00   |................|
9DD0: 00 00 00 00 00 00 00 00 00 00 00 00 00 00 00 00   |................|
9DE0: 00 00 00 00 00 00 00 00 00 00 00 00 00 00 00 00   |................|
9DF0: 00 00 00 00 00 00 00 00 00 00 00 00 00 00 00 00   |................|
9E00: 00 00 00 00 00 00 00 00 00 00 00 00 00 00 00 00   |................|
9E10: 00 00 00 00 00 00 00 00 00 00 00 00 00 00 00 00   |................|
9E20: 00 00 00 00 00 00 00 00 00 00 00 00 00 00 00 00   |................|
9E30: 00 00 00 00 00 00 00 00 00 00 00 00 00 00 00 00   |................|
9E40: 00 00 00 00 00 00 00 00 00 00 00 00 00 00 00 00   |................|
9E50: 00 00 00 00 00 00 00 00 00 00 00 00 00 00 00 00   |................|
9E60: 00 00 00 00 00 00 00 00 00 00 00 00 00 00 00 00   |................|
9E70: 00 00 00 00 00 00 00 00 00 00 00 00 00 00 00 00   |................|
9E80: 00 00 00 00 00 00 00 00 00 00 00 00 00 00 00 00   |................|
9E90: 00 00 00 00 00 00 00 00 00 00 00 00 00 00 00 00   |................|
9EA0: 00 00 00 00 00 00 00 00 00 00 00 00 00 00 00 00   |................|
9EB0: 00 00 00 00 00 00 00 00 00 00 00 00 00 00 00 00   |................|
9EC0: 00 00 00 00 00 00 00 00 00 00 00 00 00 00 00 00   |................|
9ED0: 00 00 00 00 00 00 00 00 00 00 00 00 00 00 00 00   |................|
9EE0: 00 00 00 00 00 00 00 00 00 00 00 00 00 00 00 00   |................|
9EF0: 00 00 00 00 00 00 00 00 00 00 00 00 00 00 00 00   |................|
9F00: 00 00 00 00 00 00 00 00 00 00 00 00 00 00 00 00   |................|
9F10: 00 00 00 00 00 00 00 00 00 00 00 00 00 00 00 00   |................|
9F20: 00 00 00 00 00 00 00 00 00 00 00 00 00 00 00 00   |................|
9F30: 00 00 00 00 00 00 00 00 00 00 00 00 00 00 00 00   |................|
9F40: 00 00 00 00 00 00 00 00 00 00 00 00 00 00 00 00   |................|
9F50: 00 00 00 00 00 00 00 00 00 00 00 00 00 00 00 00   |................|
9F60: 00 00 00 00 00 00 00 00 00 00 00 00 00 00 00 00   |................|
9F70: 00 00 00 00 00 00 00 00 00 00 00 00 00 00 00 00   |................|
9F80: 00 00 00 00 00 00 00 00 00 00 00 00 00 00 00 00   |................|
9F90: 00 00 00 00 00 00 00 00 00 00 00 00 00 00 00 00   |................|
9FA0: 00 00 00 00 00 00 00 00 00 00 00 00 00 00 00 00   |................|
9FB0: 00 00 00 00 00 00 00 00 00 00 00 00 00 00 00 00   |................|
9FC0: 00 00 00 00 00 00 00 00 00 00 00 00 00 00 00 00   |................|
9FD0: 00 00 00 00 00 00 00 00 00 00 00 00 00 00 00 00   |................|
9FE0: 00 00 00 00 00 00 00 00 00 00 00 00 00 00 00 00   |................|
9FF0: 00 00 00 00 00 00 00 00 00 00 00 00 00 00 00 00   |................|


Tile Data Visualization
======================

Tile Bank 0

Tile #0
        
        
        
        
        
        
        
        

Tile #1
▒▒▒▒    
▒▒▒▒    
▒▒▒▒▒▒  
▒▒▒▒▒▒  
▒▒▒▒▒▒  
▒▒▒▒▒▒  
▒▒▒▒  ▒▒
▒▒▒▒  ▒▒

Tile #2
  ▒▒▒▒  
  ▒▒▒▒  
  ▒▒▒▒  
  ▒▒▒▒  
  ▒▒▒▒  
  ▒▒▒▒  
  ▒▒▒▒  
  ▒▒▒▒  

Tile #3
▒▒▒▒    
▒▒▒▒    
▒▒▒▒    
▒▒▒▒    
        
        
▒▒▒▒  ▒▒
▒▒▒▒  ▒▒

Tile #4
        
        
        
        
        
        
▒▒  ▒▒▒▒
▒▒  ▒▒▒▒

Tile #5
        
        
    ▒▒▒▒
    ▒▒▒▒
  ▒▒▒▒▒▒
  ▒▒▒▒▒▒
    ▒▒▒▒
    ▒▒▒▒

Tile #6
        
        
        
        
▒▒      
▒▒      
    ▒▒▒▒
    ▒▒▒▒

Tile #7
        
        
        
        
        
        
▒▒▒▒    
▒▒▒▒    

Tile #8
        
        
        
        
        
        
▒▒▒▒  ▒▒
▒▒▒▒  ▒▒

Tile #9
        
        
        
        
        
        
▒▒      
▒▒      

Tile #10
      ▒▒
      ▒▒
      ▒▒
      ▒▒
      ▒▒
      ▒▒
▒▒▒▒▒▒▒▒
▒▒▒▒▒▒▒▒

Tile #11
▒▒      
▒▒      
▒▒      
▒▒      
▒▒      
▒▒      
▒▒    ▒▒
▒▒    ▒▒

Tile #12
        
        
        
        
        
        
▒▒▒▒▒▒  
▒▒▒▒▒▒  

Tile #13
▒▒▒▒  ▒▒
▒▒▒▒  ▒▒
▒▒▒▒    
▒▒▒▒    
▒▒▒▒    
▒▒▒▒    
▒▒▒▒    
▒▒▒▒    

Tile #14
  ▒▒▒▒  
  ▒▒▒▒  
▒▒▒▒▒▒  
▒▒▒▒▒▒  
▒▒▒▒▒▒  
▒▒▒▒▒▒  
  ▒▒▒▒  
  ▒▒▒▒  

Tile #15
▒▒▒▒  ▒▒
▒▒▒▒  ▒▒
▒▒▒▒  ▒▒
▒▒▒▒  ▒▒
▒▒▒▒  ▒▒
▒▒▒▒  ▒▒
▒▒▒▒  ▒▒
▒▒▒▒  ▒▒

Tile #16
▒▒▒▒  ▒▒
▒▒▒▒  ▒▒
▒▒    ▒▒
▒▒    ▒▒
▒▒    ▒▒
▒▒    ▒▒
▒▒    ▒▒
▒▒    ▒▒

Tile #17
▒▒  ▒▒▒▒
▒▒  ▒▒▒▒
▒▒  ▒▒▒▒
▒▒  ▒▒▒▒
▒▒  ▒▒▒▒
▒▒  ▒▒▒▒
▒▒  ▒▒▒▒
▒▒  ▒▒▒▒

Tile #18
  ▒▒▒▒  
  ▒▒▒▒  
  ▒▒▒▒▒▒
  ▒▒▒▒▒▒
  ▒▒▒▒  
  ▒▒▒▒  
    ▒▒▒▒
    ▒▒▒▒

Tile #19
  ▒▒▒▒  
  ▒▒▒▒  
▒▒▒▒▒▒  
▒▒▒▒▒▒  
        
        
▒▒▒▒▒▒  
▒▒▒▒▒▒  

Tile #20
▒▒▒▒▒▒  
▒▒▒▒▒▒  
▒▒▒▒    
▒▒▒▒    
▒▒▒▒    
▒▒▒▒    
▒▒▒▒    
▒▒▒▒    

Tile #21
▒▒▒▒  ▒▒
▒▒▒▒  ▒▒
▒▒▒▒  ▒▒
▒▒▒▒  ▒▒
▒▒▒▒  ▒▒
▒▒▒▒  ▒▒
▒▒▒▒    
▒▒▒▒    

Tile #22
▒▒    ▒▒
▒▒    ▒▒
▒▒    ▒▒
▒▒    ▒▒
▒▒    ▒▒
▒▒    ▒▒
▒▒▒▒▒▒▒▒
▒▒▒▒▒▒▒▒

Tile #23
▒▒  ▒▒▒▒
▒▒  ▒▒▒▒
▒▒  ▒▒▒▒
▒▒  ▒▒▒▒
▒▒  ▒▒▒▒
▒▒  ▒▒▒▒
▒▒    ▒▒
▒▒    ▒▒

Tile #24
    ▒▒▒▒
    ▒▒▒▒
    ▒▒▒▒
    ▒▒▒▒
    ▒▒▒▒
    ▒▒▒▒
▒▒▒▒▒▒  
▒▒▒▒▒▒  

Tile #25
  ▒▒▒▒  
 ▒    ▒ 
▒ ▒▒▒  ▒
▒ ▒  ▒ ▒
▒ ▒▒▒  ▒
▒ ▒  ▒ ▒
 ▒    ▒ 
  ▒▒▒▒  

Tile #26
        
        
        
        
        
        
        
        

Tile #27
        
        
        
        
        
        
        
        

Tile #28
        
        
        
        
        
        
        
        

Tile #29
        
        
        
        
        
        
        
        

Tile #30
        
        
        
        
        
        
        
        

Tile #31
        
        
        
        
        
        
        
        

Tile Bank 1

Tile #32
        
        
        
        
        
        
        
        

Tile #33
        
        
        
        
        
        
        
        

Tile #34
        
        
        
        
        
        
        
        

Tile #35
        
        
        
        
        
        
        
        

Tile #36
        
        
        
        
        
        
        
        

Tile #37
        
        
        
        
        
        
        
        

Tile #38
        
        
        
        
        
        
        
        

Tile #39
        
        
        
        
        
        
        
        

Tile #40
        
        
        
        
        
        
        
        

Tile #41
        
        
        
        
        
        
        
        

Tile #42
        
        
        
        
        
        
        
        

Tile #43
        
        
        
        
        
        
        
        

Tile #44
        
        
        
        
        
        
        
        

Tile #45
        
        
        
        
        
        
        
        

Tile #46
        
        
        
        
        
        
        
        

Tile #47
        
        
        
        
        
        
        
        

Tile #48
        
        
        
        
        
        
        
        

Tile #49
        
        
        
        
        
        
        
        

Tile #50
        
        
        
        
        
        
        
        

Tile #51
        
        
        
        
        
        
        
        

Tile #52
        
        
        
        
        
        
        
        

Tile #53
        
        
        
        
        
        
        
        

Tile #54
        
        
        
        
        
        
        
        

Tile #55
        
        
        
        
        
        
        
        

Tile #56
        
        
        
        
        
        
        
        

Tile #57
        
        
        
        
        
        
        
        

Tile #58
        
        
        
        
        
        
        
        

Tile #59
        
        
        
        
        
        
        
        

Tile #60
        
        
        
        
        
        
        
        

Tile #61
        
        
        
        
        
        
        
        

Tile #62
        
        
        
        
        
        
        
        

Tile #63
        
        
        
        
        
        
        
        

Tile Bank 2

Tile #64
        
        
        
        
        
        
        
        

Tile #65
        
        
        
        
        
        
        
        

Tile #66
        
        
        
        
        
        
        
        

Tile #67
        
        
        
        
        
        
        
        

Tile #68
        
        
        
        
        
        
        
        

Tile #69
        
        
        
        
        
        
        
        

Tile #70
        
        
        
        
        
        
        
        

Tile #71
        
        
        
        
        
        
        
        

Tile #72
        
        
        
        
        
        
        
        

Tile #73
        
        
        
        
        
        
        
        

Tile #74
        
        
        
        
        
        
        
        

Tile #75
        
        
        
        
        
        
        
        

Tile #76
        
        
        
        
        
        
        
        

Tile #77
        
        
        
        
        
        
        
        

Tile #78
        
        
        
        
        
        
        
        

Tile #79
        
        
        
        
        
        
        
        

Tile #80
        
        
        
        
        
        
        
        

Tile #81
        
        
        
        
        
        
        
        

Tile #82
        
        
        
        
        
        
        
        

Tile #83
        
        
        
        
        
        
        
        

Tile #84
        
        
        
        
        
        
        
        

Tile #85
        
        
        
        
        
        
        
        

Tile #86
        
        
        
        
        
        
        
        

Tile #87
        
        
        
        
        
        
        
        

Tile #88
        
        
        
        
        
        
        
        

Tile #89
        
        
        
        
        
        
        
        

Tile #90
        
        
        
        
        
        
        
        

Tile #91
        
        
        
        
        
        
        
        

Tile #92
        
        
        
        
        
        
        
        

Tile #93
        
        
        
        
        
        
        
        

Tile #94
        
        
        
        
        
        
        
        

Tile #95
        
        
        
        
        
        
        
        

Tile Bank 3

Tile #96
        
        
        
        
        
        
        
        

Tile #97
        
        
        
        
        
        
        
        

Tile #98
        
        
        
        
        
        
        
        

Tile #99
        
        
        
        
        
        
        
        

Tile #100
        
        
        
        
        
        
        
        

Tile #101
        
        
        
        
        
        
        
        

Tile #102
        
        
        
        
        
        
        
        

Tile #103
        
        
        
        
        
        
        
        

Tile #104
        
        
        
        
        
        
        
        

Tile #105
        
        
        
        
        
        
        
        

Tile #106
        
        
        
        
        
        
        
        

Tile #107
        
        
        
        
        
        
        
        

Tile #108
        
        
        
        
        
        
        
        

Tile #109
        
        
        
        
        
        
        
        

Tile #110
        
        
        
        
        
        
        
        

Tile #111
        
        
        
        
        
        
        
        

Tile #112
        
        
        
        
        
        
        
        

Tile #113
        
        
        
        
        
        
        
        

Tile #114
        
        
        
        
        
        
        
        

Tile #115
        
        
        
        
        
        
        
        

Tile #116
        
        
        
        
        
        
        
        

Tile #117
        
        
        
        
        
        
        
        

Tile #118
        
        
        
        
        
        
        
        

Tile #119
        
        
        
        
        
        
        
        

Tile #120
        
        
        
        
        
        
        
        

Tile #121
        
        
        
        
        
        
        
        

Tile #122
        
        
        
        
        
        
        
        

Tile #123
        
        
        
        
        
        
        
        

Tile #124
        
        
        
        
        
        
        
        

Tile #125
        
        
        
        
        
        
        
        

Tile #126
        
        
        
        
        
        
        
        

Tile #127
        
        
        
        
        
        
        
        

Tile Bank 4

Tile #128
        
        
        
        
        
        
        
        

Tile #129
        
        
        
        
        
        
        
        

Tile #130
        
        
        
        
        
        
        
        

Tile #131
        
        
        
        
        
        
        
        

Tile #132
        
        
        
        
        
        
        
        

Tile #133
        
        
        
        
        
        
        
        

Tile #134
        
        
        
        
        
        
        
        

Tile #135
        
        
        
        
        
        
        
        

Tile #136
        
        
        
        
        
        
        
        

Tile #137
        
        
        
        
        
        
        
        

Tile #138
        
        
        
        
        
        
        
        

Tile #139
        
        
        
        
        
        
        
        

Tile #140
        
        
        
        
        
        
        
        

Tile #141
        
        
        
        
        
        
        
        

Tile #142
        
        
        
        
        
        
        
        

Tile #143
        
        
        
        
        
        
        
        

Tile #144
        
        
        
        
        
        
        
        

Tile #145
        
        
        
        
        
        
        
        

Tile #146
        
        
        
        
        
        
        
        

Tile #147
        
        
        
        
        
        
        
        

Tile #148
        
        
        
        
        
        
        
        

Tile #149
        
        
        
        
        
        
        
        

Tile #150
        
        
        
        
        
        
        
        

Tile #151
        
        
        
        
        
        
        
        

Tile #152
        
        
        
        
        
        
        
        

Tile #153
        
        
        
        
        
        
        
        

Tile #154
        
        
        
        
        
        
        
        

Tile #155
        
        
        
        
        
        
        
        

Tile #156
        
        
        
        
        
        
        
        

Tile #157
        
        
        
        
        
        
        
        

Tile #158
        
        
        
        
        
        
        
        

Tile #159
        
        
        
        
        
        
        
        

Tile Bank 5

Tile #160
        
        
        
        
        
        
        
        

Tile #161
        
        
        
        
        
        
        
        

Tile #162
        
        
        
        
        
        
        
        

Tile #163
        
        
        
        
        
        
        
        

Tile #164
        
        
        
        
        
        
        
        

Tile #165
        
        
        
        
        
        
        
        

Tile #166
        
        
        
        
        
        
        
        

Tile #167
        
        
        
        
        
        
        
        

Tile #168
        
        
        
        
        
        
        
        

Tile #169
        
        
        
        
        
        
        
        

Tile #170
        
        
        
        
        
        
        
        

Tile #171
        
        
        
        
        
        
        
        

Tile #172
        
        
        
        
        
        
        
        

Tile #173
        
        
        
        
        
        
        
        

Tile #174
        
        
        
        
        
        
        
        

Tile #175
        
        
        
        
        
        
        
        

Tile #176
        
        
        
        
        
        
        
        

Tile #177
        
        
        
        
        
        
        
        

Tile #178
        
        
        
        
        
        
        
        

Tile #179
        
        
        
        
        
        
        
        

Tile #180
        
        
        
        
        
        
        
        

Tile #181
        
        
        
        
        
        
        
        

Tile #182
        
        
        
        
        
        
        
        

Tile #183
        
        
        
        
        
        
        
        

Tile #184
        
        
        
        
        
        
        
        

Tile #185
        
        
        
        
        
        
        
        

Tile #186
        
        
        
        
        
        
        
        

Tile #187
        
        
        
        
        
        
        
        

Tile #188
        
        
        
        
        
        
        
        

Tile #189
        
        
        
        
        
        
        
        

Tile #190
        
        
        
        
        
        
        
        

Tile #191
        
        
        
        
        
        
        
        

Tile Bank 6

Tile #192
        
        
        
        
        
        
        
        

Tile #193
        
        
        
        
        
        
        
        

Tile #194
        
        
        
        
        
        
        
        

Tile #195
        
        
        
        
        
        
        
        

Tile #196
        
        
        
        
        
        
        
        

Tile #197
        
        
        
        
        
        
        
        

Tile #198
        
        
        
        
        
        
        
        

Tile #199
        
        
        
        
        
        
        
        

Tile #200
        
        
        
        
        
        
        
        

Tile #201
        
        
        
        
        
        
        
        

Tile #202
        
        
        
        
        
        
        
        

Tile #203
        
        
        
        
        
        
        
        

Tile #204
        
        
        
        
        
        
        
        

Tile #205
        
        
        
        
        
        
        
        

Tile #206
        
        
        
        
        
        
        
        

Tile #207
        
        
        
        
        
        
        
        

Tile #208
        
        
        
        
        
        
        
        

Tile #209
        
        
        
        
        
        
        
        

Tile #210
        
        
        
        
        
        
        
        

Tile #211
        
        
        
        
        
        
        
        

Tile #212
        
        
        
        
        
        
        
        

Tile #213
        
        
        
        
        
        
        
        

Tile #214
        
        
        
        
        
        
        
        

Tile #215
        
        
        
        
        
        
        
        

Tile #216
        
        
        
        
        
        
        
        

Tile #217
        
        
        
        
        
        
        
        

Tile #218
        
        
        
        
        
        
        
        

Tile #219
        
        
        
        
        
        
        
        

Tile #220
        
        
        
        
        
        
        
        

Tile #221
        
        
        
        
        
        
        
        

Tile #222
        
        
        
        
        
        
        
        

Tile #223
        
        
        
        
        
        
        
        

Tile Bank 7

Tile #224
        
        
        
        
        
        
        
        

Tile #225
        
        
        
        
        
        
        
        

Tile #226
        
        
        
        
        
        
        
        

Tile #227
        
        
        
        
        
        
        
        

Tile #228
        
        
        
        
        
        
        
        

Tile #229
        
        
        
        
        
        
        
        

Tile #230
        
        
        
        
        
        
        
        

Tile #231
        
        
        
        
        
        
        
        

Tile #232
        
        
        
        
        
        
        
        

Tile #233
        
        
        
        
        
        
        
        

Tile #234
        
        
        
        
        
        
        
        

Tile #235
        
        
        
        
        
        
        
        

Tile #236
        
        
        
        
        
        
        
        

Tile #237
        
        
        
        
        
        
        
        

Tile #238
        
        
        
        
        
        
        
        

Tile #239
        
        
        
        
        
        
        
        

Tile #240
        
        
        
        
        
        
        
        

Tile #241
        
        
        
        
        
        
        
        

Tile #242
        
        
        
        
        
        
        
        

Tile #243
        
        
        
        
        
        
        
        

Tile #244
        
        
        
        
        
        
        
        

Tile #245
        
        
        
        
        
        
        
        

Tile #246
        
        
        
        
        
        
        
        

Tile #247
        
        
        
        
        
        
        
        

Tile #248
        
        
        
        
        
        
        
        

Tile #249
        
        
        
        
        
        
        
        

Tile #250
        
        
        
        
        
        
        
        

Tile #251
        
        
        
        
        
        
        
        

Tile #252
        
        
        
        
        
        
        
        

Tile #253
        
        
        
        
        
        
        
        

Tile #254
        
        
        
        
        
        
        
        

Tile #255
        
        
        
        
        
        
        
        

Tile Bank 8

Tile #256
        
        
        
        
        
        
        
        

Tile #257
        
        
        
        
        
        
        
        

Tile #258
        
        
        
        
        
        
        
        

Tile #259
        
        
        
        
        
        
        
        

Tile #260
        
        
        
        
        
        
        
        

Tile #261
        
        
        
        
        
        
        
        

Tile #262
        
        
        
        
        
        
        
        

Tile #263
        
        
        
        
        
        
        
        

Tile #264
        
        
        
        
        
        
        
        

Tile #265
        
        
        
        
        
        
        
        

Tile #266
        
        
        
        
        
        
        
        

Tile #267
        
        
        
        
        
        
        
        

Tile #268
        
        
        
        
        
        
        
        

Tile #269
        
        
        
        
        
        
        
        

Tile #270
        
        
        
        
        
        
        
        

Tile #271
        
        
        
        
        
        
        
        

Tile #272
        
        
        
        
        
        
        
        

Tile #273
        
        
        
        
        
        
        
        

Tile #274
        
        
        
        
        
        
        
        

Tile #275
        
        
        
        
        
        
        
        

Tile #276
        
        
        
        
        
        
        
        

Tile #277
        
        
        
        
        
        
        
        

Tile #278
        
        
        
        
        
        
        
        

Tile #279
        
        
        
        
        
        
        
        

Tile #280
        
        
        
        
        
        
        
        

Tile #281
        
        
        
        
        
        
        
        

Tile #282
        
        
        
        
        
        
        
        

Tile #283
        
        
        
        
        
        
        
        

Tile #284
        
        
        
        
        
        
        
        

Tile #285
        
        
        
        
        
        
        
        

Tile #286
        
        
        
        
        
        
        
        

Tile #287
        
        
        
        
        
        
        
        

Tile Bank 9

Tile #288
        
        
        
        
        
        
        
        

Tile #289
        
        
        
        
        
        
        
        

Tile #290
        
        
        
        
        
        
        
        

Tile #291
        
        
        
        
        
        
        
        

Tile #292
        
        
        
        
        
        
        
        

Tile #293
        
        
        
        
        
        
        
        

Tile #294
        
        
        
        
        
        
        
        

Tile #295
        
        
        
        
        
        
        
        

Tile #296
        
        
        
        
        
        
        
        

Tile #297
        
        
        
        
        
        
        
        

Tile #298
        
        
        
        
        
        
        
        

Tile #299
        
        
        
        
        
        
        
        

Tile #300
        
        
        
        
        
        
        
        

Tile #301
        
        
        
        
        
        
        
        

Tile #302
        
        
        
        
        
        
        
        

Tile #303
        
        
        
        
        
        
        
        

Tile #304
        
        
        
        
        
        
        
        

Tile #305
        
        
        
        
        
        
        
        

Tile #306
        
        
        
        
        
        
        
        

Tile #307
        
        
        
        
        
        
        
        

Tile #308
        
        
        
        
        
        
        
        

Tile #309
        
        
        
        
        
        
        
        

Tile #310
        
        
        
        
        
        
        
        

Tile #311
        
        
        
        
        
        
        
        

Tile #312
        
        
        
        
        
        
        
        

Tile #313
        
        
        
        
        
        
        
        

Tile #314
        
        
        
        
        
        
        
        

Tile #315
        
        
        
        
        
        
        
        

Tile #316
        
        
        
        
        
        
        
        

Tile #317
        
        
        
        
        
        
        
        

Tile #318
        
        
        
        
        
        
        
        

Tile #319
        
        
        
        
        
        
        
        

Tile Bank 10

Tile #320
        
        
        
        
        
        
        
        

Tile #321
        
        
        
        
        
        
        
        

Tile #322
        
        
        
        
        
        
        
        

Tile #323
        
        
        
        
        
        
        
        

Tile #324
        
        
        
        
        
        
        
        

Tile #325
        
        
        
        
        
        
        
        

Tile #326
        
        
        
        
        
        
        
        

Tile #327
        
        
        
        
        
        
        
        

Tile #328
        
        
        
        
        
        
        
        

Tile #329
        
        
        
        
        
        
        
        

Tile #330
        
        
        
        
        
        
        
        

Tile #331
        
        
        
        
        
        
        
        

Tile #332
        
        
        
        
        
        
        
        

Tile #333
        
        
        
        
        
        
        
        

Tile #334
        
        
        
        
        
        
        
        

Tile #335
        
        
        
        
        
        
        
        

Tile #336
        
        
        
        
        
        
        
        

Tile #337
        
        
        
        
        
        
        
        

Tile #338
        
        
        
        
        
        
        
        

Tile #339
        
        
        
        
        
        
        
        

Tile #340
        
        
        
        
        
        
        
        

Tile #341
        
        
        
        
        
        
        
        

Tile #342
        
        
        
        
        
        
        
        

Tile #343
        
        
        
        
        
        
        
        

Tile #344
        
        
        
        
        
        
        
        

Tile #345
        
        
        
        
        
        
        
        

Tile #346
        
        
        
        
        
        
        
        

Tile #347
        
        
        
        
        
        
        
        

Tile #348
        
        
        
        
        
        
        
        

Tile #349
        
        
        
        
        
        
        
        

Tile #350
        
        
        
        
        
        
        
        

Tile #351
        
        
        
        
        
        
        
        

Tile Bank 11

Tile #352
        
        
        
        
        
        
        
        

Tile #353
        
        
        
        
        
        
        
        

Tile #354
        
        
        
        
        
        
        
        

Tile #355
        
        
        
        
        
        
        
        

Tile #356
        
        
        
        
        
        
        
        

Tile #357
        
        
        
        
        
        
        
        

Tile #358
        
        
        
        
        
        
        
        

Tile #359
        
        
        
        
        
        
        
        

Tile #360
        
        
        
        
        
        
        
        

Tile #361
        
        
        
        
        
        
        
        

Tile #362
        
        
        
        
        
        
        
        

Tile #363
        
        
        
        
        
        
        
        

Tile #364
        
        
        
        
        
        
        
        

Tile #365
        
        
        
        
        
        
        
        

Tile #366
        
        
        
        
        
        
        
        

Tile #367
        
        
        
        
        
        
        
        

Tile #368
        
        
        
        
        
        
        
        

Tile #369
        
        
        
        
        
        
        
        

Tile #370
        
        
        
        
        
        
        
        

Tile #371
        
        
        
        
        
        
        
        

Tile #372
        
        
        
        
        
        
        
        

Tile #373
        
        
        
        
        
        
        
        

Tile #374
        
        
        
        
        
        
        
        

Tile #375
        
        
        
        
        
        
        
        

Tile #376
        
        
        
        
        
        
        
        

Tile #377
        
        
        
        
        
        
        
        

Tile #378
        
        
        
        
        
        
        
        

Tile #379
        
        
        
        
        
        
        
        

Tile #380
        
        
        
        
        
        
        
        

Tile #381
        
        
        
        
        
        
        
        

Tile #382
        
        
        
        
        
        
        
        

Tile #383
        
        
        
        
        
        
        
        
